bloco	parcela	n	p	k	ms_folha	ms_lenho	ms_casca	ms_galho	altura	dap	volume	p_resina	mo_solo	p_h_solo	k_solo	ca_solo	mg_solo	h_al_solo	al_solo	sb	ctc	v	ca_ctc	mg_ctc	m	compartimento	n_2	p_2	k_2	ca	mg	s	b	cu	fe	mn	zn	Dose_N	Dose_P	Dose_K
C	1	1	1	1	1589.10777507163	12182.5910456554	730.484182621502	1317.78599740933	6.95	0.066845076098596	32.5200207531335	38	14	4.3	2.5	5	1	22	2	8.5	30.5	28	16	3	19	FOLHA	28031.8611522636	2206.44611578232	13904.6930318768	10051.1066773281	5164.60026898281	2037.24081104173	63113.1403539843	7945.53887535817	262202.782886819	1573216.69732092	20658.4010759312	140	70	180
C	1	1	1	1	1589.10777507163	12182.5910456554	730.484182621502	1317.78599740933	6.95	0.066845076098596	32.5200207531335	38	14	4.3	2.5	5	1	22	2	8.5	30.5	28	16	3	19	LENHO	24730.6598226804	0	35329.5140324006	12487.1558217968	6091.29552282769	2350.54351459387	79376.4725556718	36547.7731369661	1729927.92848306	1669014.97325479	255834.411958763	140	70	180
C	1	1	1	1	1589.10777507163	12182.5910456554	730.484182621502	1317.78599740933	6.95	0.066845076098596	32.5200207531335	38	14	4.3	2.5	5	1	22	2	8.5	30.5	28	16	3	19	GALHO	8486.54182331606	1282.76648665697	11958.9079264896	6358.3174375	494.169749028497	477.931373917175	16233.9332769762	5271.14398963731	40851.3659196891	996246.214041451	10542.2879792746	140	70	180
C	1	1	1	1	1589.10777507163	12182.5910456554	730.484182621502	1317.78599740933	6.95	0.066845076098596	32.5200207531335	38	14	4.3	2.5	5	1	22	2	8.5	30.5	28	16	3	19	CASCA	3068.03356701031	452.296583328441	4875.98191899853	11432.0774580265	1150.51258762887	222.946337864961	13504.178624673	2921.93673048601	14609.68365243	1080386.1060972	8035.32600883653	140	70	180
C	1	1	0	1	1944.97505722892	12019.9770953912	1319.03921757771	1914.73205526316	7.7	0.0649352167814933	33.9999657880243	3	14	4	2.8	3	1	22	3	6.8	28.8	24	10	3	31	FOLHA	38938.4006457229	2549.63360511466	17699.2730207831	13663.4497770331	4862.43764307229	2302.04222579851	81482.8962772929	17504.7755150602	342315.610072289	2265895.94167169	23339.700686747	140	70	180
C	1	1	0	1	1944.97505722892	12019.9770953912	1319.03921757771	1914.73205526316	7.7	0.0649352167814933	33.9999657880243	3	14	4	2.8	3	1	22	3	6.8	28.8	24	10	3	31	LENHO	24400.5535036442	727.685268646303	42670.9186886388	18931.4639252412	6610.98740246517	2988.58257610838	90697.9800638592	60099.885476956	1694816.77045016	2139555.92297964	300499.42738478	140	70	180
C	1	1	0	1	1944.97505722892	12019.9770953912	1319.03921757771	1914.73205526316	7.7	0.0649352167814933	33.9999657880243	3	14	4	2.8	3	1	22	3	6.8	28.8	24	10	3	31	GALHO	17960.1866783684	1933.89981813318	16706.0371821711	11488.3923315789	2489.1516718421	919.952554695325	24631.2502766836	9573.66027631579	61271.425768421	1650499.03163684	21062.0526078947	140	70	180
C	1	1	0	1	1944.97505722892	12019.9770953912	1319.03921757771	1914.73205526316	7.7	0.0649352167814933	33.9999657880243	3	14	4	2.8	3	1	22	3	6.8	28.8	24	10	3	31	CASCA	5447.63196859593	862.237523299355	9299.22648392284	23445.9220924437	2308.31863076099	427.711027347657	25920.0989660015	5276.15687031083	48804.4510503752	1919202.06157556	15828.4706109325	140	70	180
C	2	1	1	1	1273.94317528736	8316.03807101727	769.543821497121	1391.08179360465	6	0.0579323992854499	21.0873228097058	6	14	3.6	0.7	1	1	25	5	2.7	27.7	10	4	4	65	FOLHA	24969.2862356322	2073.20330084705	13089.7661260776	7579.96189295977	4012.92100215517	1633.19887320198	47881.5287019185	6369.71587643678	214022.453448276	1121069.99425287	19109.1476293103	0	70	180
C	2	1	1	1	1273.94317528736	8316.03807101727	769.543821497121	1391.08179360465	6	0.0579323992854499	21.0873228097058	6	14	3.6	0.7	1	1	25	5	2.7	27.7	10	4	4	65	LENHO	12224.5759643954	503.450077296852	29106.1332485605	3950.1180837332	4158.01903550864	1758.10180724171	54183.6925529428	16632.0761420345	632018.893397313	848235.883243762	224533.027917466	0	70	180
C	2	1	1	1	1273.94317528736	8316.03807101727	769.543821497121	1391.08179360465	6	0.0579323992854499	21.0873228097058	6	14	3.6	0.7	1	1	25	5	2.7	27.7	10	4	4	65	GALHO	9055.94247636628	1456.20795536461	11858.9722904797	9007.25461359012	2086.62269040698	558.534475136837	17894.9758110698	6955.40896802326	44514.6173953488	912549.656604651	12519.7361424419	0	70	180
C	2	1	1	1	1273.94317528736	8316.03807101727	769.543821497121	1391.08179360465	6	0.0579323992854499	21.0873228097058	6	14	3.6	0.7	1	1	25	5	2.7	27.7	10	4	4	65	CASCA	3555.2924553167	665.632433120006	6771.98562917466	12928.3362011516	1789.18938498081	339.190786786234	15574.0380966726	3847.7191074856	27703.5775738963	1005024.23087524	8464.98203646833	0	70	180
C	2	0	1	1	1072.33774468085	4969.19047554348	824.273301630434	827.065601503759	5.9	0.053157750992693	17.4587189573286	2	12	4	3.1	2	1	20	4	6.1	26.1	23	8	4	40	FOLHA	20342.2470165957	1405.70869518836	9543.80592765957	7318.70510744681	3565.52300106383	1374.74012206995	47312.9841813673	6434.02646808511	196237.807276596	1145256.71131915	13940.3906808511	0	70	180
C	2	0	1	1	1072.33774468085	4969.19047554348	824.273301630434	827.065601503759	5.9	0.053157750992693	17.4587189573286	2	12	4	3.1	2	1	20	4	6.1	26.1	23	8	4	40	LENHO	11478.8299985054	300.833077921337	11801.8273794158	6584.17738009511	2733.05476154891	1611.30733268413	63924.0221310245	14907.5714266304	700655.85705163	631087.190394022	238521.142826087	0	70	180
C	2	0	1	1	1072.33774468085	4969.19047554348	824.273301630434	827.065601503759	5.9	0.053157750992693	17.4587189573286	2	12	4	3.1	2	1	20	4	6.1	26.1	23	8	4	40	GALHO	5036.82951315789	598.21899997386	4921.04032894737	4652.24400845865	1302.62832236842	397.372107973321	9740.4546737645	5789.45921052632	31428.4928571429	500374.688909774	11578.9184210526	0	70	180
C	2	0	1	1	1072.33774468085	4969.19047554348	824.273301630434	827.065601503759	5.9	0.053157750992693	17.4587189573286	2	12	4	3.1	2	1	20	4	6.1	26.1	23	8	4	40	CASCA	3635.04526019021	596.199321202538	7006.32306385869	15743.6200611413	2143.11058423913	396.03051900536	16197.5817463024	16485.4660326087	33795.2053668478	1125133.05672554	9891.27961956521	0	70	180
C	3	1	1	1	2483.79267318436	12996.4056211042	1252.89090160285	1940.39918939394	6.61	0.070028174960434	33.944877141309	11	14	4.1	0.6	2	3	25	4	5.6	30.6	18	7	10	42	FOLHA	50073.2602913967	3255.96014414239	18690.5398657123	12046.3944649441	5588.5335146648	3061.16673256891	83101.175891434	12418.9633659218	489307.156617318	2575693.00209218	34773.097424581	70	70	180
C	3	1	1	1	2483.79267318436	12996.4056211042	1252.89090160285	1940.39918939394	6.61	0.070028174960434	33.944877141309	11	14	4.1	0.6	2	3	25	4	5.6	30.6	18	7	10	42	LENHO	28202.2001977961	786.797914902493	52310.5326249443	4873.65210791407	5198.56224844167	2747.58292530455	98065.7224693631	51985.6224844167	402888.57425423	1533575.86329029	324910.140527605	70	70	180
C	3	1	1	1	2483.79267318436	12996.4056211042	1252.89090160285	1940.39918939394	6.61	0.070028174960434	33.944877141309	11	14	4.1	0.6	2	3	25	4	5.6	30.6	18	7	10	42	GALHO	10051.2678010606	1818.26800727832	9362.42608882576	9701.9959469697	2813.57882462121	779.091386133187	27094.1111269319	13582.7943257576	56271.5764924242	1140954.72336364	15523.1935151515	70	70	180
C	3	1	1	1	2483.79267318436	12996.4056211042	1252.89090160285	1940.39918939394	6.61	0.070028174960434	33.944877141309	11	14	4.1	0.6	2	3	25	4	5.6	30.6	18	7	10	42	CASCA	6051.46305474177	1642.39265403241	11369.9849320459	20296.8326059662	4040.57315766919	454.395380698056	32183.589708732	5011.5636064114	33828.054343277	1898129.71592832	15034.6908192342	70	70	180
C	3	0	1	1	1663.22769203747	8397.24195894428	752.295284457478	933.803812056738	6.72	0.0541126806512444	20.6060398715299	1	13	4	0.6	4	3	22	4	7.6	29.6	26	14	10	34	FOLHA	35626.3371634426	2440.0898932415	17547.0521509953	11725.7552288642	5322.32861451991	1968.57042662683	64867.0125610512	13305.8215362998	171312.45227986	1914375.07353513	31601.3261487119	70	70	180
C	3	0	1	1	1663.22769203747	8397.24195894428	752.295284457478	933.803812056738	6.72	0.0541126806512444	20.6060398715299	1	13	4	0.6	4	3	22	4	7.6	29.6	26	14	10	34	LENHO	21748.8566736657	508.366132671362	29180.4158073314	5248.27622434018	3568.82783255132	1931.15228783666	63362.2574934651	50383.4517536657	487040.033618768	848121.437853372	277108.984645161	70	70	180
C	3	0	1	1	1663.22769203747	8397.24195894428	752.295284457478	933.803812056738	6.72	0.0541126806512444	20.6060398715299	1	13	4	0.6	4	3	22	4	7.6	29.6	26	14	10	34	GALHO	7517.12068705674	1596.01629393526	7750.57164007092	7727.2265447695	1190.59986037234	486.133833694933	14600.1869420565	11205.6457446809	42954.9753546099	715293.720035461	13073.2533687943	70	70	180
C	3	0	1	1	1663.22769203747	8397.24195894428	752.295284457478	933.803812056738	6.72	0.0541126806512444	20.6060398715299	1	13	4	0.6	4	3	22	4	7.6	29.6	26	14	10	34	CASCA	3264.96153454545	650.712963485227	6751.85017800586	12356.4500472141	3027.98851994135	215.343066216562	16566.416658189	6018.36227565982	39119.3547917888	953158.125407625	9027.54341348974	70	70	180
C	4	1	1	1	2412.44032081545	15777.7383333333	1170.85406123277	2136.05526590909	4.24	0.0541126806512444	13.0014299189415	29	15	5.1	2.5	15	14	15	2	31.5	46.5	68	32	30	6	FOLHA	49141.4093350107	3925.98298984799	21953.2069194206	9529.13926722103	6513.58886620172	3461.56036644177	56036.5092912196	21711.9628873391	306379.920743562	1715245.06809979	45836.3660954936	105	70	180
C	4	1	1	1	2412.44032081545	15777.7383333333	1170.85406123277	2136.05526590909	4.24	0.0541126806512444	13.0014299189415	29	15	5.1	2.5	15	14	15	2	31.5	46.5	68	32	30	6	LENHO	47490.9923833333	1951.13326937194	54433.19725	9861.08645833333	5916.651875	3044.20138338319	127242.653327746	63110.9533333333	1120219.42166667	1577773.83333333	662665.01	105	70	180
C	4	1	1	1	2412.44032081545	15777.7383333333	1170.85406123277	2136.05526590909	4.24	0.0541126806512444	13.0014299189415	29	15	5.1	2.5	15	14	15	2	31.5	46.5	68	32	30	6	GALHO	15400.9584672045	2636.44723596758	16180.6186392614	16447.6255475	4272.11053181818	1026.28954972679	34601.7227524443	14952.3868613636	115346.984359091	1710980.26799318	32040.8289886364	105	70	180
C	4	1	1	1	2412.44032081545	15777.7383333333	1170.85406123277	2136.05526590909	4.24	0.0541126806512444	13.0014299189415	29	15	5.1	2.5	15	14	15	2	31.5	46.5	68	32	30	6	CASCA	4589.74792003244	1534.85200239907	8839.94816230738	19523.9914710564	4185.80326890714	291.114868089696	26487.999153703	10537.6865510949	42150.7462043796	1292622.88360097	12879.3946735604	105	70	180
C	4	0	1	1	1415.25572111111	5828.72749608063	500.558659014558	1098.81521985816	6.65	0.0732112738222719	37.3254229290562	8	17	4	0.7	3	1	22	3	4.7	26.7	18	11	4	39	FOLHA	28630.6232380778	2303.17402649329	13232.6409923889	8526.91571969444	2795.13004919444	1814.36196986569	32873.7625885342	8491.53432666667	176906.965138889	1306281.03058556	25474.60298	105	70	180
C	4	0	1	1	1415.25572111111	5828.72749608063	500.558659014558	1098.81521985816	6.65	0.0732112738222719	37.3254229290562	8	17	4	0.7	3	1	22	3	4.7	26.7	18	11	4	39	LENHO	11832.3168170437	720.801923281944	27977.891981187	2477.20918583427	1748.61824882419	804.954876517268	47006.9116660905	23314.9099843225	238977.827339306	617845.114584546	139889.459905935	105	70	180
C	4	0	1	1	1415.25572111111	5828.72749608063	500.558659014558	1098.81521985816	6.65	0.0732112738222719	37.3254229290562	8	17	4	0.7	3	1	22	3	4.7	26.7	18	11	4	39	GALHO	5691.86283886525	1314.52031940053	8186.17338794326	6840.12474361702	1593.28206879433	335.362263941849	15342.9365655939	3296.44565957447	36260.9022553192	623028.229659574	13185.7826382979	105	70	180
C	4	0	1	1	1415.25572111111	5828.72749608063	500.558659014558	1098.81521985816	6.65	0.0732112738222719	37.3254229290562	8	17	4	0.7	3	1	22	3	4.7	26.7	18	11	4	39	CASCA	2522.81564143337	734.360142440691	4467.48603170493	6382.12290243561	1651.84357474804	181.541379328116	11627.0482235964	3503.9106131019	9010.05586226204	511070.390853863	5005.58659014558	105	70	180
C	5	1	1	1	1575.56424289773	11029.0046854839	1111.28754435484	1237.49690625	7.2	0.0633436673505743	30.2528343407979	100	13	3.9	0.6	5	1	25	4	6.6	31.6	21	16	3	38	FOLHA	29667.8746937642	2065.37946375129	14022.5217617898	11737.9536095881	4293.41256189631	1864.8133317331	46472.4038750154	12604.5139431818	264694.792806818	1700033.81808665	22057.8994005682	140	0	180
C	5	1	1	1	1575.56424289773	11029.0046854839	1111.28754435484	1237.49690625	7.2	0.0633436673505743	30.2528343407979	100	13	3.9	0.6	5	1	25	4	6.6	31.6	21	16	3	38	LENHO	25477.0008234677	1014.88794178556	38050.0661649193	9926.10421693548	7444.57816270161	3999.97220537696	94701.0026820812	55145.0234274193	1036726.44043548	1499944.63722581	352928.149935484	140	0	180
C	5	1	1	1	1575.56424289773	11029.0046854839	1111.28754435484	1237.49690625	7.2	0.0633436673505743	30.2528343407979	100	13	3.9	0.6	5	1	25	4	6.6	31.6	21	16	3	38	GALHO	8315.97921	1527.39273654172	10611.5359710938	9899.97525	1020.93494765625	594.568016555081	15919.2488216197	4949.987625	48262.37934375	985047.537375	12374.9690625	140	0	180
C	5	1	1	1	1575.56424289773	11029.0046854839	1111.28754435484	1237.49690625	7.2	0.0633436673505743	30.2528343407979	100	13	3.9	0.6	5	1	25	4	6.6	31.6	21	16	3	38	CASCA	4434.03730197581	882.05639815828	10807.2713688508	22336.8796415323	2944.91199254032	578.531022576101	21837.6244963053	6667.72526612903	42228.9266854839	1632481.40265726	11112.8754435484	140	0	180
C	5	1	0	1	2651.87130457746	6348.73064623955	759.886679665738	1908.15849489796	7.05	0.0555450751390715	22.777570504131	2	12	3.8	0.7	2	1	22	4	3.7	25.7	14	8	4	52	FOLHA	43808.9139516197	2293.78951461522	22739.7964367518	16773.0860014525	4309.29086993838	2760.16103175755	74808.8937061822	13259.3565228873	495899.933955986	3121252.52548768	29170.5843503521	140	0	180
C	5	1	0	1	2651.87130457746	6348.73064623955	759.886679665738	1908.15849489796	7.05	0.0555450751390715	22.777570504131	2	12	3.8	0.7	2	1	22	4	3.7	25.7	14	8	4	52	LENHO	13332.3343571031	0	11586.4334293872	1111.02786309192	317.436532311978	876.767990409834	47905.0035631292	19046.1919387187	298390.340373259	660267.987208914	82533.4984011142	140	0	180
C	5	1	0	1	2651.87130457746	6348.73064623955	759.886679665738	1908.15849489796	7.05	0.0555450751390715	22.777570504131	2	12	3.8	0.7	2	1	22	4	3.7	25.7	14	8	4	52	GALHO	9483.54771964285	1650.50013560831	11544.3588941326	4531.87642538265	2862.23774234694	841.056432547417	24546.6875254	7632.63397959183	61061.0718367347	997966.892831632	19081.5849489796	140	0	180
C	5	1	0	1	2651.87130457746	6348.73064623955	759.886679665738	1908.15849489796	7.05	0.0555450751390715	22.777570504131	2	12	3.8	0.7	2	1	22	4	3.7	25.7	14	8	4	52	CASCA	3457.48439247911	444.424106715836	6136.08493830083	6307.05944122562	2279.66003899721	275.593825968693	15827.5368504358	9878.52683565459	22036.7137103064	867790.588178272	9878.52683565459	140	0	180
C	6	1	1	1	2612.74308410138	16121.5193291284	1212.28035359327	1990.14973628692	6.2	0.0636619772367581	26.3135292477108	1	14	4.1	0.2	3	2	22	4	5.2	27.2	19	11	7	43	FOLHA	45540.1119558871	4041.15207933349	24494.4664134505	15872.4142359159	5356.12332240783	3092.40207601105	80468.8914424505	15676.4585046083	478131.984390553	3041232.94989401	41803.8893456221	140	40	180
C	6	1	1	1	2612.74308410138	16121.5193291284	1212.28035359327	1990.14973628692	6.2	0.0636619772367581	26.3135292477108	1	14	4.1	0.2	3	2	22	4	5.2	27.2	19	11	7	43	LENHO	29341.1651790138	2506.45630209918	50782.7858867546	14912.4053794438	5239.49378196674	4008.36801809726	113321.969464373	48364.5579873853	2224769.66741972	2257012.70607798	532010.137861239	140	40	180
C	6	1	1	1	2612.74308410138	16121.5193291284	1212.28035359327	1990.14973628692	6.2	0.0636619772367581	26.3135292477108	1	14	4.1	0.2	3	2	22	4	5.2	27.2	19	11	7	43	GALHO	16995.8787478903	4337.73841386855	15821.690403481	17861.5938831751	1641.87353243671	956.187749137438	30000.8599942185	5970.44920886076	75625.6899789029	2141401.11624473	15921.1978902954	140	40	180
C	6	1	1	1	2612.74308410138	16121.5193291284	1212.28035359327	1990.14973628692	6.2	0.0636619772367581	26.3135292477108	1	14	4.1	0.2	3	2	22	4	5.2	27.2	19	11	7	43	CASCA	5176.43710984327	2122.0407297978	12516.7946508505	26821.7028232512	2545.78874254587	486.743751608147	26695.8225833436	13335.083889526	24245.6070718655	1908129.27655581	15759.6445967125	140	40	180
C	6	1	0	1	1418.90604554865	6124.22167324955	504.128003590664	824.118542713568	6.58	0.0579960612626867	23.1766177959152	4	17	4.5	2.3	7	4	20	2	13.3	33.3	40	21	12	13	FOLHA	25128.8260666667	2542.72725771544	13940.7518975155	7413.78408799172	2731.39413768116	1543.47291154472	38226.1411774629	9932.34231884058	224187.155196687	1240123.88380952	18445.7785921325	140	40	180
C	6	1	0	1	1418.90604554865	6124.22167324955	504.128003590664	824.118542713568	6.58	0.0579960612626867	23.1766177959152	4	17	4.5	2.3	7	4	20	2	13.3	33.3	40	21	12	13	LENHO	19291.2982707361	0	16076.0818922801	6430.43275691203	612.422167324955	1294.72774171316	52585.8814682896	12248.4433464991	710409.714096948	808397.260868941	159229.763504488	140	40	180
C	6	1	0	1	1418.90604554865	6124.22167324955	504.128003590664	824.118542713568	6.58	0.0579960612626867	23.1766177959152	4	17	4.5	2.3	7	4	20	2	13.3	33.3	40	21	12	13	GALHO	4268.93405125628	1017.1764226906	6407.52166959799	3832.15122361809	1050.7511419598	379.555707533369	13349.8050285638	4120.59271356784	30492.386080402	524139.393165829	10713.5410552764	140	40	180
C	6	1	0	1	1418.90604554865	6124.22167324955	504.128003590664	824.118542713568	6.58	0.0579960612626867	23.1766177959152	4	17	4.5	2.3	7	4	20	2	13.3	33.3	40	21	12	13	CASCA	2329.07137658887	509.174665865106	5003.47043563734	6843.53764874326	1247.71680888689	242.213443662719	12017.0167321535	3528.89602513465	60999.4884344703	567144.004039497	5545.4080394973	140	40	180
C	7	1	1	1	4652.61994736842	10847.1621140142	1360.98678932571	3659.94892138365	5.47	0.070028174960434	28.0905412954554	8	15	3.9	0.1	3	2	28	4	5.1	33.1	15	9	6	44	FOLHA	86957.4668163158	4191.58160228352	38267.7990671053	34545.7031092105	10235.7638842105	5282.43715593056	149437.572116428	32568.339631579	883997.79	3973337.43505263	74441.9191578947	140	100	180
C	7	1	1	1	4652.61994736842	10847.1621140142	1360.98678932571	3659.94892138365	5.47	0.070028174960434	28.0905412954554	8	15	3.9	0.1	3	2	28	4	5.1	33.1	15	9	6	44	LENHO	34168.5606591449	0	21151.9661223278	9220.08779691211	1627.07431710214	2696.98015536117	70675.3975917983	43388.648456057	1540297.02019002	1128104.85985748	195248.918052256	140	100	180
C	7	1	1	1	4652.61994736842	10847.1621140142	1360.98678932571	3659.94892138365	5.47	0.070028174960434	28.0905412954554	8	15	3.9	0.1	3	2	28	4	5.1	33.1	15	9	6	44	GALHO	19727.1246862579	3966.8243162652	21868.1948052673	21502.1999131289	2744.96169103774	2053.90411175122	43103.6746205055	32939.5402924528	135418.110091195	1559138.24050943	65879.0805849056	140	100	180
C	7	1	1	1	4652.61994736842	10847.1621140142	1360.98678932571	3659.94892138365	5.47	0.070028174960434	28.0905412954554	8	15	3.9	0.1	3	2	28	4	5.1	33.1	15	9	6	44	CASCA	6859.37341820156	1996.67798063215	11500.3383698022	24974.1075841267	3810.76301011198	681.135337973457	33276.2875224034	16331.8414719085	42190.5904690969	1392289.4854802	17692.8282612342	140	100	180
C	7	1	0	1	2908.68067154255	9145.45578918059	1018.82535003978	1422.30413653846	6.55	0.070028174960434	33.6367542020535	4	14	3.9	1.3	1	1	34	6	3.3	37.3	9	3	3	65	FOLHA	52937.9882220745	2937.79853230197	22178.690120512	17015.7819285239	6108.22941023936	3372.31118873321	105265.107008241	20360.7647007979	538105.924235372	2498556.69685505	40721.5294015957	140	100	180
C	7	1	0	1	2908.68067154255	9145.45578918059	1018.82535003978	1422.30413653846	6.55	0.070028174960434	33.6367542020535	4	14	3.9	1.3	1	1	34	6	3.3	37.3	9	3	3	65	LENHO	18565.2752520366	553.662739956009	26293.1853938942	5944.54626296738	685.909184188544	1596.51424179853	59587.8182020967	27436.3673675418	1152327.42943675	804800.109447892	137181.836837709	140	100	180
C	7	1	0	1	2908.68067154255	9145.45578918059	1018.82535003978	1422.30413653846	6.55	0.070028174960434	33.6367542020535	4	14	3.9	1.3	1	1	34	6	3.3	37.3	9	3	3	65	GALHO	8661.83219151923	2314.64455234812	14009.6957449038	6933.732665625	1564.53455019231	598.91254592672	25473.0048565697	11378.4330923077	56892.1654615385	797912.620598077	18489.953775	140	100	180
C	7	1	0	1	2908.68067154255	9145.45578918059	1018.82535003978	1422.30413653846	6.55	0.070028174960434	33.6367542020535	4	14	3.9	1.3	1	1	34	6	3.3	37.3	9	3	3	65	CASCA	5063.56198969769	808.666868600741	9831.66462788385	13015.4938467582	3234.77048637629	449.066268124206	24910.3999751782	3056.47605011933	41771.8393516309	1035126.55564041	11207.0788504375	140	100	180
C	8	1	1	1	1275.84222101449	6749.52608775137	741.497232175504	2138.79246721311	5.3	0.0566591597407147	17.8173575065632	1	13	3.7	0.1	3	1	28	6	4.1	32.1	13	9	3	59	FOLHA	21523.4582685145	1478.17692274869	9632.60876865942	9122.27188025362	3987.00694067029	1699.73084449961	42686.3280349058	7655.05332608696	213065.65090942	1157188.89446014	17861.7910942029	140	70	0
C	8	1	1	1	1275.84222101449	6749.52608775137	741.497232175504	2138.79246721311	5.3	0.0566591597407147	17.8173575065632	1	13	3.7	0.1	3	1	28	6	4.1	32.1	13	9	3	59	LENHO	11811.6706535649	408.613981992013	21935.959785192	8943.12206627057	4218.45380484461	1552.21950372537	65056.0641732437	26998.1043510055	465717.300054845	857189.813144424	134990.521755027	140	70	0
C	8	1	1	1	1275.84222101449	6749.52608775137	741.497232175504	2138.79246721311	5.3	0.0566591597407147	17.8173575065632	1	13	3.7	0.1	3	1	28	6	4.1	32.1	13	9	3	59	GALHO	12276.6687618033	2318.1235991617	16842.9906793033	14490.3189653689	1764.50378545082	1027.60466602488	25188.8254639056	32081.8870081967	94106.868557377	1503571.10445082	25665.5096065574	140	70	0
C	8	1	1	1	1275.84222101449	6749.52608775137	741.497232175504	2138.79246721311	5.3	0.0566591597407147	17.8173575065632	1	13	3.7	0.1	3	1	28	6	4.1	32.1	13	9	3	59	CASCA	3685.24124391225	1146.8801122697	6506.63821234004	14292.3591501828	2057.65481928702	326.828729638972	16328.6309949051	5931.97785740403	20761.9225009141	917232.076201098	7414.97232175504	140	70	0
C	8	1	0	1	1308.663395	6255.3035106383	625.530351063829	1466.1617481203	6.1	0.0566591597407147	20.5067699603841	25	15	3.9	0.6	2	2	25	5	4.6	29.6	16	7	7	52	FOLHA	28031.5699209	2024.12086822949	12465.018837375	8408.162312875	4056.8565245	1612.87086968041	43784.4382684126	9160.643765	218546.786965	1109746.55896	20938.61432	140	70	0
C	8	1	0	1	1308.663395	6255.3035106383	625.530351063829	1466.1617481203	6.1	0.0566591597407147	20.5067699603841	25	15	3.9	0.6	2	2	25	5	4.6	29.6	16	7	7	52	LENHO	13136.1373723404	972.528989712168	28930.7787367021	5004.24280851064	3909.56469414894	1322.43988218699	50447.1172767781	18765.9105319149	362807.603617021	731870.510744681	181403.801808511	140	70	0
C	8	1	0	1	1308.663395	6255.3035106383	625.530351063829	1466.1617481203	6.1	0.0566591597407147	20.5067699603841	25	15	3.9	0.6	2	2	25	5	4.6	29.6	16	7	7	52	GALHO	8313.1371118421	1809.62456824264	10959.5590671992	6231.18742951128	2419.1668843985	822.78624856278	14131.7644430124	7330.8087406015	54247.9846804511	763870.270770677	11729.2939849624	140	70	0
C	8	1	0	1	1308.663395	6255.3035106383	625.530351063829	1466.1617481203	6.1	0.0566591597407147	20.5067699603841	25	15	3.9	0.6	2	2	25	5	4.6	29.6	16	7	7	52	CASCA	3240.24721851063	260.288017319723	7803.49112952127	9054.55183164892	2032.97364095744	300.542440347636	13774.9054688543	3753.18210638297	13761.6677234042	724989.676882978	6255.30351063829	140	70	0
C	9	1	1	1	1377.17604423077	6943.94188318777	612.079983624454	867.698089147287	5.7	0.0537943707650606	17.2733146790728	795	16	4	0.4	9	2	34	4	11.4	45.4	25	20	4	26	FOLHA	23329.3621892692	1595.58118834282	11223.9847604808	8469.63267201923	4062.66933048077	1498.07940093495	34521.4589332783	9640.23230961539	242382.983784615	994321.103934615	16526.1125307692	140	70	90
C	9	1	1	1	1377.17604423077	6943.94188318777	612.079983624454	867.698089147287	5.7	0.0537943707650606	17.2733146790728	795	16	4	0.4	9	2	34	4	11.4	45.4	25	20	4	26	LENHO	12637.9742274017	0	21352.6212908024	3819.16803575328	3298.37239451419	1987.68989737006	52396.2314975995	27775.7675327511	770777.549033843	631898.711370087	194430.372729258	140	70	90
C	9	1	1	1	1377.17604423077	6943.94188318777	612.079983624454	867.698089147287	5.7	0.0537943707650606	17.2733146790728	795	16	4	0.4	9	2	34	4	11.4	45.4	25	20	4	26	GALHO	5162.80363042636	940.451889668737	7505.58847112403	2863.40369418605	1214.7773248062	416.894401292921	11162.1303563801	5206.18853488372	20824.7541395349	330592.971965116	6941.58471317829	140	70	90
C	9	1	1	1	1377.17604423077	6943.94188318777	612.079983624454	867.698089147287	5.7	0.0537943707650606	17.2733146790728	795	16	4	0.4	9	2	34	4	11.4	45.4	25	20	4	26	CASCA	2313.66233810044	275.121035432192	5126.1698628548	9227.10575313864	2081.07194432314	221.987658159925	10262.0422090251	3672.47990174672	21422.7994268559	554544.465163755	6732.87981986899	140	70	90
C	9	0	1	1	1544.28185357143	8396.39357478992	698.037470588235	1391.90128214286	6.3	0.0572957795130823	21.6577322179142	2	13	3.9	4.6	2	2	22	4	8.6	30.6	28	7	7	32	FOLHA	26268.23432925	1789.188161804	12933.3605236607	11504.8998091071	5289.16534848214	1865.39583553851	66980.5979571548	15442.8185357143	237819.40545	1443903.53308929	26252.7915107143	140	70	90
C	9	0	1	1	1544.28185357143	8396.39357478992	698.037470588235	1391.90128214286	6.3	0.0572957795130823	21.6577322179142	2	13	3.9	4.6	2	2	22	4	8.6	30.6	28	7	7	32	LENHO	15281.4363061176	508.314771787195	23929.7216881513	6717.11485983193	5247.7459842437	3045.18330369101	72095.9790227077	33585.5742991597	3022701.68692437	940396.080376471	361044.923715966	140	70	90
C	9	0	1	1	1544.28185357143	8396.39357478992	698.037470588235	1391.90128214286	6.3	0.0572957795130823	21.6577322179142	2	13	3.9	4.6	2	2	22	4	8.6	30.6	28	7	7	32	GALHO	8574.111898	1203.95305792092	8455.80028901786	7899.03977616071	1739.87660267857	668.753174561039	17905.5177703105	8351.40769285714	51500.3474392857	790599.928257143	9743.308975	140	70	90
C	9	0	1	1	1544.28185357143	8396.39357478992	698.037470588235	1391.90128214286	6.3	0.0572957795130823	21.6577322179142	2	13	3.9	4.6	2	2	22	4	8.6	30.6	28	7	7	32	CASCA	2443.13114705882	504.892570601824	5322.53571323529	13297.6138147059	1954.50491764706	280.269639106246	12904.3488056233	3490.18735294118	22337.1990588235	924201.611058824	6282.33723529412	140	70	90
C	10	1	1	1	2048.27919301471	8755.53366666667	866.664499999999	1845.6620525	6.5	0.0579323992854499	22.8445997105146	32	17	4.3	3.2	4	2	31	2	9.2	40.2	23	10	5	18	FOLHA	33694.1927250919	1919.35790686232	15822.9567660386	12033.6402589614	5632.76778079044	1943.25639737811	60415.4723208889	14337.9543511029	303145.320566176	1534161.11556801	28675.9087022059	140	70	135
C	10	1	1	1	2048.27919301471	8755.53366666667	866.664499999999	1845.6620525	6.5	0.0579323992854499	22.8445997105146	32	17	4.3	3.2	4	2	31	2	9.2	40.2	23	10	5	18	LENHO	24515.4942666667	530.056989111319	17511.0673333333	875.553366666668	1751.10673333333	2176.92888705781	61544.7153932689	26266.601	490309.885333333	814264.631	148844.072333333	140	70	135
C	10	1	1	1	2048.27919301471	8755.53366666667	866.664499999999	1845.6620525	6.5	0.0579323992854499	22.8445997105146	32	17	4.3	3.2	4	2	31	2	9.2	40.2	23	10	5	18	GALHO	10852.4928687	2000.41510598379	9597.442673	6459.81718375	2953.059284	960.842906938752	22736.8895033304	7382.64821	64598.1718375	908065.72983	18456.620525	140	70	135
C	10	1	1	1	2048.27919301471	8755.53366666667	866.664499999999	1845.6620525	6.5	0.0579323992854499	22.8445997105146	32	17	4.3	3.2	4	2	31	2	9.2	40.2	23	10	5	18	CASCA	4549.98862499999	566.526485379082	7171.64873749999	12024.9699375	2773.3264	416.397802839921	19084.9597312244	5199.98699999999	22533.277	745331.469999999	9533.30949999999	140	70	135
C	10	1	1	0	1308.22457753165	9587.21805816135	958.721805816134	1089.02681329114	7.1	0.0576140893992661	24.679872882896	4	14	4.3	0.1	2	3	18	3	5.1	23.1	22	9	13	37	FOLHA	23077.0815476582	1816.4451039424	8372.63729620253	7424.17447749209	4546.08040692247	1580.2534189163	44654.2071013055	9157.57204272152	218473.504447785	995558.903501582	18315.144085443	140	70	135
C	10	1	1	0	1308.22457753165	9587.21805816135	958.721805816134	1089.02681329114	7.1	0.0576140893992661	24.679872882896	4	14	4.3	0.1	2	3	18	3	5.1	23.1	22	9	13	37	LENHO	20133.1579221388	580.406875392367	22290.2819852251	5512.65038344278	5033.28948053471	2026.84322155971	72341.3451961065	47936.0902908068	603994.737664165	766977.444652908	239680.451454034	140	70	135
C	10	1	1	0	1308.22457753165	9587.21805816135	958.721805816134	1089.02681329114	7.1	0.0576140893992661	24.679872882896	4	14	4.3	0.1	2	3	18	3	5.1	23.1	22	9	13	37	GALHO	8309.27458541139	1427.58610179504	6071.3244840981	5363.45705545886	1769.6685715981	611.144225690558	12825.6045156393	5445.13406645569	55540.3674778481	596786.693683544	17424.4290126582	140	70	135
C	10	1	1	0	1308.22457753165	9587.21805816135	958.721805816134	1089.02681329114	7.1	0.0576140893992661	24.679872882896	4	14	4.3	0.1	2	3	18	3	5.1	23.1	22	9	13	37	CASCA	4362.18421646341	968.319259507729	6711.05264071294	17424.7688207082	2780.29323686679	422.574510430411	17723.5193110519	10545.9398639775	26844.2105628518	1095819.02404784	10545.9398639775	140	70	135
D	1	1	1	1	1656.72938252149	10342.6607104478	953.728958955223	1581.34319689119	7.1	0.0611154981472878	27.7707894739195	52	16	4.1	64.1	7	3	25	2	74.1	99.1	75	7	3	3	FOLHA	29804.5615915616	2171.7774182029	14082.1997514327	11100.086862894	5094.44285125358	2041.84710157078	64613.574064917	13253.8350601719	314778.582679083	1611997.68919341	24850.9407378224	140	70	180
D	1	1	1	1	1656.72938252149	10342.6607104478	953.728958955223	1581.34319689119	7.1	0.0611154981472878	27.7707894739195	52	16	4.1	64.1	7	3	25	2	74.1	99.1	75	7	3	3	LENHO	18823.6424930149	626.141113071297	31803.6816846269	4912.76383746269	5947.02990850746	2960.56657038806	56845.3544336983	20685.3214208955	1458315.16017313	1375573.87448955	289594.499892537	140	70	180
D	1	1	1	1	1656.72938252149	10342.6607104478	953.728958955223	1581.34319689119	7.1	0.0611154981472878	27.7707894739195	52	16	4.1	64.1	7	3	25	2	74.1	99.1	75	7	3	3	GALHO	8855.52190259067	2319.95869895212	14271.622351943	8420.65252344559	3478.95503316062	634.92649860519	19480.7199323714	18976.1183626943	66416.4142694301	1263493.21431606	28464.1775440414	140	70	180
D	1	1	1	1	1656.72938252149	10342.6607104478	953.728958955223	1581.34319689119	7.1	0.0611154981472878	27.7707894739195	52	16	4.1	64.1	7	3	25	2	74.1	99.1	75	7	3	3	CASCA	3805.37854623134	689.834981693059	8512.03095867537	18359.282459888	3028.08944468283	496.506770626258	19865.0412582988	5722.37375373134	30519.3266865671	1481141.07325746	12398.4764664179	140	70	180
D	1	1	0	1	1250.22518493151	7767.42244186047	776.742244186047	1090.94965357143	7.55	0.0541126806512444	23.1511311056623	15	13	4	2.8	3	1	22	2	6.8	28.8	24	10	3	23	FOLHA	25029.5082023288	1933.73398879697	13471.176367637	8845.34318339041	3188.07422157534	1665.60274804871	38505.2151882253	11252.0266643836	197535.579219178	1422756.26045205	20003.6029589041	140	70	180
D	1	1	0	1	1250.22518493151	7767.42244186047	776.742244186047	1090.94965357143	7.55	0.0541126806512444	23.1511311056623	15	13	4	2.8	3	1	22	2	6.8	28.8	24	10	3	23	LENHO	21748.7828372093	960.548085118253	25826.679619186	5825.56683139535	3883.71122093023	4043.6832671232	70770.3073966532	23302.2673255814	5320684.37267442	1134043.67651163	333999.165	140	70	180
D	1	1	0	1	1250.22518493151	7767.42244186047	776.742244186047	1090.94965357143	7.55	0.0541126806512444	23.1511311056623	15	13	4	2.8	3	1	22	2	6.8	28.8	24	10	3	23	GALHO	7102.08224475	1022.28390090178	7118.44648955357	5536.569491875	1445.50829098214	480.856399599391	13439.5143972058	8727.59722857143	38183.237875	690571.130710714	17455.1944571429	140	70	180
D	1	1	0	1	1250.22518493151	7767.42244186047	776.742244186047	1090.94965357143	7.55	0.0541126806512444	23.1511311056623	15	13	4	2.8	3	1	22	2	6.8	28.8	24	10	3	23	CASCA	3153.57351139535	616.519522498453	8330.56056889535	17127.1664843023	2640.92363023256	404.36832671232	14359.3335220138	5437.19570930233	24079.0095697675	1141811.09895349	8544.16468604652	140	70	180
D	2	1	1	1	1892.05876190476	9998.32211157025	893.38619628099	1542.85328571429	7.35	0.0601605684887364	27.8572580652922	6	15	4.2	0.7	4	2	25	2	6.7	31.7	21	13	6	23	FOLHA	34038.1371266667	2553.44340658724	18447.5729285714	12298.381952381	5345.06600238095	2520.68052322179	71113.5847118332	11352.3525714286	283808.814285714	2370749.62866667	28380.8814285714	0	70	180
D	2	1	1	1	1892.05876190476	9998.32211157025	893.38619628099	1542.85328571429	7.35	0.0601605684887364	27.8572580652922	6	15	4.2	0.7	4	2	25	2	6.7	31.7	21	13	6	23	LENHO	25895.6542689669	605.29497302952	30744.8404930785	6748.86742530992	1499.74831673554	2113.75513479175	54952.7998728953	19996.6442231405	349941.273904959	1289783.55239256	219963.086454545	0	70	180
D	2	1	1	1	1892.05876190476	9998.32211157025	893.38619628099	1542.85328571429	7.35	0.0601605684887364	27.8572580652922	6	15	4.2	0.7	4	2	25	2	6.7	31.7	21	13	6	23	GALHO	11987.97003	2764.84487225129	12805.6822714286	10067.1176892857	1889.995275	834.424749222839	18170.375445968	18514.2394285714	58628.4248571429	1206511.26942857	18514.2394285714	0	70	180
D	2	1	1	1	1892.05876190476	9998.32211157025	893.38619628099	1542.85328571429	7.35	0.0601605684887364	27.8572580652922	6	15	4.2	0.7	4	2	25	2	6.7	31.7	21	13	6	23	CASCA	3814.75905811983	646.188882668983	9291.2164413223	11859.7017556301	2255.8001456095	393.776622403359	17555.7013877025	4466.93098140495	32161.9030661157	853183.817448346	8933.8619628099	0	70	180
D	2	0	1	1	2673.48641721133	9931.82082357043	1306.27288493724	2372.37900627615	7.2	0.060797188261104	27.8693378850698	26	13	4.2	3.4	4	2	22	2	9.4	31.4	30	13	6	18	FOLHA	44540.2837107408	2700.24982441521	22123.1001024238	12431.7118400327	7017.90184517974	3427.41739883763	78856.4103907996	18714.4049204793	430431.313171024	1807276.81803486	37428.8098409586	0	70	180
D	2	0	1	1	2673.48641721133	9931.82082357043	1306.27288493724	2372.37900627615	7.2	0.060797188261104	27.8693378850698	26	13	4.2	3.4	4	2	22	2	9.4	31.4	30	13	6	18	LENHO	13904.5491529986	601.269007984876	24332.9610177476	8938.63874121339	1738.06864412483	1371.59742156492	64711.4312608512	19863.6416471409	2304182.43106834	893863.874121339	198636.416471409	0	70	180
D	2	0	1	1	2673.48641721133	9931.82082357043	1306.27288493724	2372.37900627615	7.2	0.060797188261104	27.8693378850698	26	13	4.2	3.4	4	2	22	2	9.4	31.4	30	13	6	18	GALHO	9631.85876548117	2396.12812464763	14234.2740376569	6464.73279210251	3262.02113362971	1045.67027791667	25389.3356027926	9489.5160251046	71171.3701882845	951323.981516737	26096.1690690377	0	70	180
D	2	0	1	1	2673.48641721133	9931.82082357043	1306.27288493724	2372.37900627615	7.2	0.060797188261104	27.8693378850698	26	13	4.2	3.4	4	2	22	2	9.4	31.4	30	13	6	18	CASCA	5303.46791284518	944.83104786286	10580.8103679916	20573.7979377615	3200.36856809623	575.764128334364	27208.1124414023	7837.63730962342	61394.8255920502	1340235.97994561	14369.0017343096	0	70	180
D	3	1	1	1	1487.46673049645	10865.3023495702	939.825730659024	1394.19941304348	7.9	0.066845076098596	36.9652034460079	30	14	4.1	1.9	4	1	25	2	6.9	31.9	22	13	3	22	FOLHA	25614.1770991489	2065.31944613472	13870.6272618794	9445.41373865248	3569.92015319149	1906.9366948995	51784.9487171946	10412.2671134752	306418.14648227	1734386.20775887	20824.5342269504	70	70	180
D	3	1	1	1	1487.46673049645	10865.3023495702	939.825730659024	1394.19941304348	7.9	0.066845076098596	36.9652034460079	30	14	4.1	1.9	4	1	25	2	6.9	31.9	22	13	3	22	LENHO	28901.7042498567	1343.64333139202	30422.8465787966	12495.0977020057	5704.28373352436	4575.22812826938	87625.353581043	21730.6046991404	1325566.88664756	1684121.86418338	369420.279885387	70	70	180
D	3	1	1	1	1487.46673049645	10865.3023495702	939.825730659024	1394.19941304348	7.9	0.066845076098596	36.9652034460079	30	14	4.1	1.9	4	1	25	2	6.9	31.9	22	13	3	22	GALHO	10930.5233982609	2615.59395036535	10979.3203777174	5472.23269619565	1359.34442771739	839.637442424237	13438.1474056162	4182.59823913044	37643.3841521739	996852.580326087	16730.3929565217	70	70	180
D	3	1	1	1	1487.46673049645	10865.3023495702	939.825730659024	1394.19941304348	7.9	0.066845076098596	36.9652034460079	30	14	4.1	1.9	4	1	25	2	6.9	31.9	22	13	3	22	CASCA	4078.84367106016	422.43797389619	7918.03178080228	19031.4710458452	2842.97283524355	414.245713004369	19575.4535288562	3759.3029226361	15977.0374212034	1481165.35151862	11277.9087679083	70	70	180
D	3	0	1	1	1452.2724339207	8592.57111111111	1370.36694444444	1244.25918442623	6.7	0.0541126806512444	20.5447123719123	8	13	3.9	0.1	3	1	20	3	4.1	24.1	17	12	4	42	FOLHA	21043.427567511	1204.28714903907	10383.747902533	8132.72562995595	3558.06746310573	1718.88706429574	35508.2322995574	7261.36216960352	255599.948370044	1151652.04009912	17427.2692070485	70	70	180
D	3	0	1	1	1452.2724339207	8592.57111111111	1370.36694444444	1244.25918442623	6.7	0.0541126806512444	20.5447123719123	8	13	3.9	0.1	3	1	20	3	4.1	24.1	17	12	4	42	LENHO	12029.5995555556	520.191292190466	18474.0278888889	6444.42833333334	1503.69994444445	2297.58575092324	82820.4603330657	17185.1422222222	567109.693333333	945182.822222223	197629.135555556	70	70	180
D	3	0	1	1	1452.2724339207	8592.57111111111	1370.36694444444	1244.25918442623	6.7	0.0541126806512444	20.5447123719123	8	13	3.9	0.1	3	1	20	3	4.1	24.1	17	12	4	42	GALHO	5312.9867175	1441.58516001648	6439.04127940574	5101.46265614754	1928.60173586066	698.258120501614	16006.2392523389	7465.55510655738	97052.2163852459	661945.886114754	11198.3326598361	70	70	180
D	3	0	1	1	1452.2724339207	8592.57111111111	1370.36694444444	1244.25918442623	6.7	0.0541126806512444	20.5447123719123	8	13	3.9	0.1	3	1	20	3	4.1	24.1	17	12	4	42	CASCA	4700.35861944444	1284.11431366003	7125.9081111111	18088.8436666666	4213.87835416666	658.406782268252	28543.1155621183	12333.3025	150740.363888889	1311441.16583333	19185.1372222222	70	70	180
D	4	1	1	1	1795.86327892562	2243.87788543689	733.978747572816	976.137910526316	6.3	0.0579323992854499	22.1416889501911	32	15	5	3	11	8	18	2	22	40	55	28	20	8	FOLHA	28033.4257840289	2080.66766532371	14232.2164854855	13154.6985181302	5836.55565650826	2347.25567276852	52970.2828550154	19754.4960681818	299909.167580578	1483383.06839256	26937.9491838843	105	70	180
D	4	1	1	1	1795.86327892562	2243.87788543689	733.978747572816	976.137910526316	6.3	0.0579323992854499	22.1416889501911	32	15	5	3	11	8	18	2	22	40	55	28	20	8	LENHO	4398.00065545631	206.481425451427	6002.37334354369	1514.6175726699	1178.03588985437	727.598772525777	14620.1338224498	4487.75577087379	74047.9702194175	208680.643345631	40389.8019378641	105	70	180
D	4	1	1	1	1795.86327892562	2243.87788543689	733.978747572816	976.137910526316	6.3	0.0579323992854499	22.1416889501911	32	15	5	3	11	8	18	2	22	40	55	28	20	8	GALHO	3826.46060926316	985.909711205149	6296.08952289474	5295.54816460526	1366.59307473684	242.70168970591	8893.75858034671	4880.68955263158	37093.2406	471474.61078421	6832.96537368421	105	70	180
D	4	1	1	1	1795.86327892562	2243.87788543689	733.978747572816	976.137910526316	6.3	0.0579323992854499	22.1416889501911	32	15	5	3	11	8	18	2	22	40	55	28	20	8	CASCA	3339.60330145631	329.912753920988	6165.42147961165	14973.1664504854	1504.65643252427	352.647579104161	17048.9634719831	2935.91499029126	18349.4686893204	735446.705067961	6605.80872815534	105	70	180
D	4	0	1	1	914.016406542056	1329.84163662791	783.331375	754.52007751938	5.9	0.0534760608788768	17.6684314192564	6	16	4	0.7	4	1	25	3	5.7	30.7	19	13	3	34	FOLHA	17914.7215682243	1198.1680366976	8637.45504182243	5758.30336121495	2582.09634848131	1408.07454532868	29357.3071115519	7312.13125233645	145328.608640187	620617.140042056	14624.2625046729	105	70	180
D	4	0	1	1	914.016406542056	1329.84163662791	783.331375	754.52007751938	5.9	0.0534760608788768	17.6684314192564	6	16	4	0.7	4	1	25	3	5.7	30.7	19	13	3	34	LENHO	3444.28983886628	164.453117766503	5119.89030101744	2160.99265952035	565.182695566861	431.213814594791	13523.0233401261	2659.68327325581	102397.806020349	160910.838031977	34575.8825523256	105	70	180
D	4	0	1	1	914.016406542056	1329.84163662791	783.331375	754.52007751938	5.9	0.0534760608788768	17.6684314192564	6	16	4	0.7	4	1	25	3	5.7	30.7	19	13	3	34	GALHO	3644.3319744186	652.637343069097	5074.14752131783	2999.21730813953	867.698089147287	317.717940186654	8074.91695741079	3772.6003875969	24899.1625581395	336515.954573643	4527.12046511628	105	70	180
D	4	0	1	1	914.016406542056	1329.84163662791	783.331375	754.52007751938	5.9	0.0534760608788768	17.6684314192564	6	16	4	0.7	4	1	25	3	5.7	30.7	19	13	3	34	CASCA	2686.82661625	512.052784861863	7010.81580625	15921.210196875	2330.410840625	376.359552566852	15393.0425211015	10966.63925	67366.49825	811531.3045	7049.982375	105	70	180
D	5	1	1	1	1858.72111495845	1313.94935628415	1165.89872459016	1239.67944047619	7.35	0.066845076098596	34.3916766238175	19	14	3.8	3.1	2	1	28	4	6.1	34.1	18	6	3	40	FOLHA	34219.055726385	2580.7991432411	16356.7458116343	10501.7742995152	4879.14292676593	2667.04021164502	53625.3772747271	11152.3266897507	368026.780761773	1933069.95955679	26022.0956094183	140	0	180
D	5	1	1	1	1858.72111495845	1313.94935628415	1165.89872459016	1239.67944047619	7.35	0.066845076098596	34.3916766238175	19	14	3.8	3.1	2	1	28	4	6.1	34.1	18	6	3	40	LENHO	2299.41137349727	204.283267442859	4960.15881997268	459.882274699454	722.672145956284	426.060591353099	10596.6012935238	2627.89871256831	107743.847215301	225999.289280874	53871.9236076503	140	0	180
D	5	1	1	1	1858.72111495845	1313.94935628415	1165.89872459016	1239.67944047619	7.35	0.066845076098596	34.3916766238175	19	14	3.8	3.1	2	1	28	4	6.1	34.1	18	6	3	40	GALHO	10413.3073	2325.70607516151	11591.0027684524	5144.66967797619	1549.59930059524	746.579911804106	15271.7310406194	9917.43552380952	52066.5365	957032.528047619	17355.5121666667	140	0	180
D	5	1	1	1	1858.72111495845	1313.94935628415	1165.89872459016	1239.67944047619	7.35	0.066845076098596	34.3916766238175	19	14	3.8	3.1	2	1	28	4	6.1	34.1	18	6	3	40	CASCA	4243.8713575082	966.813676490699	10085.0239677049	27690.0947090164	2564.97719409836	654.283498419958	24284.2854350918	37308.7591868853	20986.177042623	1845617.68102623	12824.8859704918	140	0	180
D	5	1	0	1	2535.96488309352	890.714463924964	1004.42269336219	1698.79093373494	7.7	0.0576140893992661	26.7654959434224	12	13	3.9	0.4	2	2	25	4	4.4	29.4	15	7	7	48	FOLHA	49882.4292504496	2561.3516067305	21682.4997504496	13504.013002473	6149.7148415018	3001.52859149822	84846.7209359598	15215.7892985611	443793.854541367	2449742.07706834	35503.5083633093	140	0	180
D	5	1	0	1	2535.96488309352	890.714463924964	1004.42269336219	1698.79093373494	7.7	0.0576140893992661	26.7654959434224	12	13	3.9	0.4	2	2	25	4	4.4	29.4	15	7	7	48	LENHO	2868.10057383838	110.149033236478	1959.57182063492	712.571571139971	244.946477579365	254.965287896716	4534.98029658474	1781.42892784993	17814.2892784993	114902.16584632	14251.4314227994	140	0	180
D	5	1	0	1	2535.96488309352	890.714463924964	1004.42269336219	1698.79093373494	7.7	0.0576140893992661	26.7654959434224	12	13	3.9	0.4	2	2	25	4	4.4	29.4	15	7	7	48	GALHO	9751.05995963855	1841.22929826108	6710.22418825301	5860.82872138554	2293.36776054217	884.382499407256	11068.5839674085	6795.16373493976	37373.4005421687	694805.49189759	15289.1184036145	140	0	180
D	5	1	0	1	2535.96488309352	890.714463924964	1004.42269336219	1698.79093373494	7.7	0.0576140893992661	26.7654959434224	12	13	3.9	0.4	2	2	25	4	4.4	29.4	15	7	7	48	CASCA	5273.21914015151	941.20305713755	7884.71814289321	15016.1192657648	2988.15751275252	403.286639528846	22118.5552840176	8035.38154689754	28123.8354141414	1254523.94400938	10044.2269336219	140	0	180
D	6	1	1	1	2451.08876277372	2606.67499777283	960.353946547884	1886.52010638298	6.2	0.0636619772367581	26.3135292477108	3	14	4.1	0.3	4	2	25	4	6.3	31.3	20	13	6	39	FOLHA	49928.6780977007	3213.08916299962	20589.1456072993	16544.8491487226	7291.98906925182	3517.01621078044	99114.0176241918	14706.5325766423	411782.912145985	2460893.11782482	41668.5089671533	140	40	180
D	6	1	1	1	2451.08876277372	2606.67499777283	960.353946547884	1886.52010638298	6.2	0.0636619772367581	26.3135292477108	3	14	4.1	0.3	4	2	25	4	6.3	31.3	20	13	6	39	LENHO	5109.08299563474	322.351036830771	10035.6987414254	1824.67249844098	1564.0049986637	845.239191072942	18322.9346112211	5213.34999554566	91233.624922049	265880.849772828	57346.8499510022	140	40	180
D	6	1	1	1	2451.08876277372	2606.67499777283	960.353946547884	1886.52010638298	6.2	0.0636619772367581	26.3135292477108	3	14	4.1	0.3	4	2	25	4	6.3	31.3	20	13	6	39	GALHO	12809.4715223404	2545.96866864135	12686.8477154255	17874.7780079787	2169.49812234043	1058.68455725237	28438.6770281261	13205.6407446809	67914.7238297872	1477145.24329787	13205.6407446809	140	40	180
D	6	1	1	1	2451.08876277372	2606.67499777283	960.353946547884	1886.52010638298	6.2	0.0636619772367581	26.3135292477108	3	14	4.1	0.3	4	2	25	4	6.3	31.3	20	13	6	39	CASCA	3428.46358917595	1222.00300684192	7370.71653975501	22544.3088952116	2688.99105033408	499.955707731696	21148.1102521089	2881.06183964365	33612.3881291759	1237896.23710022	9603.53946547884	140	40	180
D	6	1	0	1	2569.39846878423	3584.52712113402	1069.06949226804	1602.55190415335	6.1	0.0604788783749202	23.3649285308	5	16	4.5	0.5	10	2	20	2	12.5	32.5	38	31	6	14	FOLHA	49281.0626312815	3567.56121911897	25180.1049940854	17279.2047025739	6487.73113368018	3553.97683094289	82526.5491955685	35971.5785629792	418811.950411829	2461483.73309529	51387.9693756846	140	40	180
D	6	1	0	1	2569.39846878423	3584.52712113402	1069.06949226804	1602.55190415335	6.1	0.0604788783749202	23.3649285308	5	16	4.5	0.5	10	2	20	2	12.5	32.5	38	31	6	14	LENHO	8531.17454829897	671.914992769292	12725.0712800258	2150.71627268041	2329.94262873711	1300.02745150951	32659.236462686	7169.05424226804	319022.913780928	430143.254536082	107535.813634021	140	40	180
D	6	1	0	1	2569.39846878423	3584.52712113402	1069.06949226804	1602.55190415335	6.1	0.0604788783749202	23.3649285308	5	16	4.5	0.5	10	2	20	2	12.5	32.5	38	31	6	14	GALHO	10656.9701626198	2739.01104052285	14543.1585301917	12740.2876380192	3044.84861789137	899.326197151127	22376.6942468003	9615.31142492013	89742.9066325879	1193901.16859425	20833.1747539936	140	40	180
D	6	1	0	1	2569.39846878423	3584.52712113402	1069.06949226804	1602.55190415335	6.1	0.0604788783749202	23.3649285308	5	16	4.5	0.5	10	2	20	2	12.5	32.5	38	31	6	14	CASCA	3966.24781631443	1158.70766199188	10236.3403884665	22103.0117526418	4115.91754523196	408.429156729229	24832.4992827959	6414.41695360825	66282.3085206186	1388721.27045619	18174.1813685567	140	40	180
D	7	1	1	1	2689.46696052632	3399.6410847569	787.996277923784	1778.8442811245	6.95	0.0636619772367581	29.4966174631597	6	15	3.9	0.2	4	2	31	4	6.2	37.2	17	11	5	39	FOLHA	47442.1971836842	2617.99570697877	20708.8955960526	18826.2687236842	7597.74416348684	3314.65137037841	91800.7631946937	24205.2026447368	400730.577118421	2893866.44952632	43031.4713684211	140	100	180
D	7	1	1	1	2689.46696052632	3399.6410847569	787.996277923784	1778.8442811245	6.95	0.0636619772367581	29.4966174631597	6	15	3.9	0.2	4	2	31	4	6.2	37.2	17	11	5	39	LENHO	8805.07040952037	420.412145534139	7309.22833222733	2719.71286780552	2209.76670509198	1232.97344004062	29191.1581023643	6799.2821695138	666329.652612352	356962.313899474	84991.0271189225	140	100	180
D	7	1	1	1	2689.46696052632	3399.6410847569	787.996277923784	1778.8442811245	6.95	0.0636619772367581	29.4966174631597	6	15	3.9	0.2	4	2	31	4	6.2	37.2	17	11	5	39	GALHO	13323.5436656225	2400.65387631518	10717.5367937751	10495.1812586345	2134.6131373494	1219.88883209924	29823.8393421844	7115.37712449799	129855.632522088	1300335.16950201	19567.2870923695	140	100	180
D	7	1	1	1	2689.46696052632	3399.6410847569	787.996277923784	1778.8442811245	6.95	0.0636619772367581	29.4966174631597	6	15	3.9	0.2	4	2	31	4	6.2	37.2	17	11	5	39	CASCA	4136.98045909987	795.884653613836	6481.26938592312	10834.948821452	2757.98697273324	410.227123276245	17352.5940344045	3151.98511169514	23639.8883377135	767508.374697766	9455.95533508541	140	100	180
D	7	1	0	1	1632.70032075472	1550.91636809816	1197.54301840491	1046.11610616438	6.8	0.0604788783749202	26.0461498376131	2	14	3.9	1.1	1	1	31	4	3.1	34.1	9	3	3	56	FOLHA	27886.5214784906	2657.04134999522	13020.7850580189	13184.0550900943	4489.92588207547	2175.15226358046	68400.4406089931	16327.0032075472	295518.758056604	2057202.40415094	26123.2051320755	140	100	180
D	7	1	0	1	1632.70032075472	1550.91636809816	1197.54301840491	1046.11610616438	6.8	0.0604788783749202	26.0461498376131	2	14	3.9	1.1	1	1	31	4	3.1	34.1	9	3	3	56	LENHO	3256.92437300613	191.792033806059	4613.97619509202	697.912365644171	232.637455214724	683.595304698098	14948.6813531144	3101.83273619632	322590.604564417	184559.047803681	54282.0728834356	140	100	180
D	7	1	0	1	1632.70032075472	1550.91636809816	1197.54301840491	1046.11610616438	6.8	0.0604788783749202	26.0461498376131	2	14	3.9	1.1	1	1	31	4	3.1	34.1	9	3	3	56	GALHO	9007.05967407534	1962.57072916871	8133.55272542808	8944.29270770548	1490.71545128425	739.570779011272	16945.9189797513	3138.34831849315	55444.1536267123	1106790.84032192	11507.2771678082	140	100	180
D	7	1	0	1	1632.70032075472	1550.91636809816	1197.54301840491	1046.11610616438	6.8	0.0604788783749202	26.0461498376131	2	14	3.9	1.1	1	1	31	4	3.1	34.1	9	3	3	56	CASCA	5113.50868858896	1387.46031809276	9310.89696809816	21406.0814539877	3892.01480981595	575.371763433361	23532.6085376766	17963.1452760736	35926.2905521472	1807092.41477301	13172.973202454	140	100	180
D	8	1	1	1	2499.06351976744	1876.18578571429	788.541851966874	2396.63266386555	6.17	0.0541126806512444	18.9195336320446	3	12	4	0.2	4	3	20	4	7.2	27.2	26	15	11	36	FOLHA	48456.8416482907	3666.32882938777	26739.9796615116	15369.2406465698	7622.1437352907	3716.904112877	76967.7173020321	32487.8257569767	412345.480761628	1939273.29133953	49981.2703953488	140	70	0
D	8	1	1	1	2499.06351976744	1876.18578571429	788.541851966874	2396.63266386555	6.17	0.0541126806512444	18.9195336320446	3	12	4	0.2	4	3	20	4	7.2	27.2	26	15	11	36	LENHO	5384.653205	232.016048732156	6097.60380357143	1266.42540535714	797.378958928571	537.054542590955	14156.9538476123	3752.37157142857	245780.337928571	174485.278071429	641655.538714286	140	70	0
D	8	1	1	1	2499.06351976744	1876.18578571429	788.541851966874	2396.63266386555	6.17	0.0541126806512444	18.9195336320446	3	12	4	0.2	4	3	20	4	7.2	27.2	26	15	11	36	GALHO	13253.3786311765	3049.59679924972	19053.2296777311	13241.3954678571	3475.11736260504	1247.6755928821	29524.3498042192	16776.4286470588	71898.9799159664	1370873.88373109	21569.6939747899	140	70	0
D	8	1	1	1	2499.06351976744	1876.18578571429	788.541851966874	2396.63266386555	6.17	0.0541126806512444	18.9195336320446	3	12	4	0.2	4	3	20	4	7.2	27.2	26	15	11	36	CASCA	3422.27163753623	1033.68564925379	8062.84043636128	16776.2279005952	2444.47974109731	378.862979395521	16424.3900493251	3942.70925983437	132475.031130435	933633.552728779	10251.0440755694	140	70	0
D	8	1	1	0	1961.55972193878	3146.64056019152	692.656727086184	1242.7555137931	6.1	0.0541126806512444	18.7048873833828	4	13	4	0.6	2	1	25	3	3.6	28.6	13	7	3	25	FOLHA	33091.5125091071	2571.37415048395	14025.1520118622	12553.9822204082	6816.42003373724	2814.60118672558	63003.3670757279	17654.037497449	317772.674954082	1477054.4706199	33346.5152729592	140	70	0
D	8	1	1	0	1961.55972193878	3146.64056019152	692.656727086184	1242.7555137931	6.1	0.0541126806512444	18.7048873833828	4	13	4	0.6	2	1	25	3	3.6	28.6	13	7	3	25	LENHO	5947.15065876197	389.125168261537	8574.59552652189	865.326154052668	1415.98825208618	1020.32816671278	27018.758684766	9439.92168057455	283197.650417237	254877.885375513	81812.6545649795	140	70	0
D	8	1	1	0	1961.55972193878	3146.64056019152	692.656727086184	1242.7555137931	6.1	0.0541126806512444	18.7048873833828	4	13	4	0.6	2	1	25	3	3.6	28.6	13	7	3	25	GALHO	7829.35973689655	1922.18058454663	9879.90633465517	6275.91534465517	2019.47770991379	11401.7135488149	16667.9394794986	9942.04411034483	44739.1984965517	710856.153889655	13670.3106517241	140	70	0
D	8	1	1	0	1961.55972193878	3146.64056019152	692.656727086184	1242.7555137931	6.1	0.0541126806512444	18.7048873833828	4	13	4	0.6	2	1	25	3	3.6	28.6	13	7	3	25	CASCA	2181.86869032148	699.590689391049	5333.45679856361	10095.4717972811	2199.18510849863	305.301366432996	12007.9668359455	6926.56727086184	12467.8210875513	543042.874035568	7619.22399794802	140	70	0
D	9	1	1	1	2794.61873320537	3280.21982223222	1560.93219126913	1736.05008163265	6.82	0.070028174960434	35.0233074287031	844	17	4.2	4.4	2	2	34	3	8.4	42.4	20	5	5	26	FOLHA	49297.0744537428	3237.81487339447	24941.972193858	34793.0032284069	8453.72166794626	3307.66726541581	131827.059641337	22356.949865643	483469.04084453	3395461.76084453	44713.899731286	140	70	90
D	9	1	1	1	2794.61873320537	3280.21982223222	1560.93219126913	1736.05008163265	6.82	0.070028174960434	35.0233074287031	844	17	4.2	4.4	2	2	34	3	8.4	42.4	20	5	5	26	LENHO	7118.07701424392	614.872981471424	12300.8243333708	3034.20333556481	1476.0989200045	1189.6620312189	24751.2378501925	6560.43964446445	278818.684889739	314901.102934293	75445.0559113411	140	70	90
D	9	1	1	1	2794.61873320537	3280.21982223222	1560.93219126913	1736.05008163265	6.82	0.070028174960434	35.0233074287031	844	17	4.2	4.4	2	2	34	3	8.4	42.4	20	5	5	26	GALHO	8749.69241142857	2410.47273162406	12325.9555795918	18358.7296132653	2039.85884591837	1009.77594908487	24240.7511252186	10416.3004897959	67705.9531836735	1140584.90363265	20832.6009795918	140	70	90
D	9	1	1	1	2794.61873320537	3280.21982223222	1560.93219126913	1736.05008163265	6.82	0.070028174960434	35.0233074287031	844	17	4.2	4.4	2	2	34	3	8.4	42.4	20	5	5	26	CASCA	6555.91520333034	2290.01409860202	12643.5507492799	35745.347180063	4253.54022120837	749.965799714387	38164.9761827453	7804.66095634563	40584.2369729973	1933994.98498245	14048.3897214221	140	70	90
D	9	1	1	0	2051.97227118644	2181.54534826203	798.126346925134	1413.78956896552	5.45	0.0541126806512444	16.7117436458092	3	14	4	4.6	2	1	22	4	7.6	29.6	26	7	3	34	FOLHA	42947.7796359322	3507.14051199216	18159.9546	14876.7989661017	5848.12097288136	2944.33227039396	59200.8054969082	18467.750440678	254444.561627119	1153208.41640678	41039.4454237288	140	70	90
D	9	1	1	0	2051.97227118644	2181.54534826203	798.126346925134	1413.78956896552	5.45	0.0541126806512444	16.7117436458092	3	14	4	4.6	2	1	22	4	7.6	29.6	26	7	3	34	LENHO	4275.82888259358	549.55030810617	8617.10412563503	1308.92720895722	1472.54311007687	833.441355684891	24516.4731954108	6544.6360447861	460306.068483289	148345.083681818	244333.079005348	140	70	90
D	9	1	1	0	2051.97227118644	2181.54534826203	798.126346925134	1413.78956896552	5.45	0.0541126806512444	16.7117436458092	3	14	4	4.6	2	1	22	4	7.6	29.6	26	7	3	34	GALHO	8807.90901465517	2592.74744615811	10921.5244202586	12865.4850775862	2580.16596336207	736.012141228391	19740.9748988883	11310.3165517241	45241.2662068965	609343.304224138	14137.8956896552	140	70	90
D	9	1	1	0	2051.97227118644	2181.54534826203	798.126346925134	1413.78956896552	5.45	0.0541126806512444	16.7117436458092	3	14	4	4.6	2	1	22	4	7.6	29.6	26	7	3	34	CASCA	2849.31105852273	1430.26920196303	5427.25915909091	19973.1118318015	3332.17749841243	351.789067764443	18538.9930972136	8779.38981617647	30328.8011831551	734276.239171123	7981.26346925134	140	70	90
D	10	1	1	1	2937.90115196078	1491.03075517241	842.756513793104	2526.22319262295	7.45	0.0455183137242821	16.164257777899	56	19	4.3	0.2	5	1	25	2	6.2	31.2	20	16	3	24	FOLHA	57582.8625784314	4310.13922060201	18949.4624301471	20124.6228909314	8446.46581188725	3620.83573522592	108364.968748018	11751.6046078431	549387.515416667	3525481.38235294	38192.7149754902	140	70	135
D	10	1	1	1	2937.90115196078	1491.03075517241	842.756513793104	2526.22319262295	7.45	0.0455183137242821	16.164257777899	56	19	4.3	0.2	5	1	25	2	6.2	31.2	20	16	3	24	LENHO	2504.93166868965	279.491794935427	3951.2315012069	1453.7549862931	670.963839827586	540.763355183054	16756.3858215643	2982.06151034483	156558.229293103	219181.521010345	34293.7073689655	140	70	135
D	10	1	1	1	2937.90115196078	1491.03075517241	842.756513793104	2526.22319262295	7.45	0.0455183137242821	16.164257777899	56	19	4.3	0.2	5	1	25	2	6.2	31.2	20	16	3	24	GALHO	21043.4391945492	7290.58851825063	16609.9174914959	21409.7415574795	4231.42384764344	1839.81304717315	33881.913875262	20209.7855409836	113680.043668033	2543906.75497131	30314.6783114754	140	70	135
D	10	1	1	1	2937.90115196078	1491.03075517241	842.756513793104	2526.22319262295	7.45	0.0455183137242821	16.164257777899	56	19	4.3	0.2	5	1	25	2	6.2	31.2	20	16	3	24	CASCA	3598.57031389655	820.360676491438	5751.81320663793	12514.9342298276	3665.990835	388.139604064549	14610.1118673543	5056.53908275862	54779.1733965517	1085470.38976552	10113.0781655172	140	70	135
D	10	1	1	0	3752.47288829787	2248.115882494	732.53214148681	2816.44865506329	7.55	0.0528394411065093	22.0744833476689	6	15	3.7	0.2	2	1	25	4	3.2	28.2	11	7	4	56	FOLHA	60677.4866037766	4347.57428101999	31239.3367950798	13039.8432868351	7223.5103099734	4904.61238187167	91748.404709269	18762.3644414894	619158.026569149	2776829.93734043	56287.0933244681	140	70	135
D	10	1	1	0	3752.47288829787	2248.115882494	732.53214148681	2816.44865506329	7.55	0.0528394411065093	22.0744833476689	6	15	3.7	0.2	2	1	25	4	3.2	28.2	11	7	4	56	LENHO	5507.88391211031	566.32000653445	7250.17372104317	2753.94195605516	1180.26083830935	643.518811493726	19303.5395567387	11240.57941247	148375.648244604	406908.974731415	53954.7811798561	140	70	135
D	10	1	1	0	3752.47288829787	2248.115882494	732.53214148681	2816.44865506329	7.55	0.0528394411065093	22.0744833476689	6	15	3.7	0.2	2	1	25	4	3.2	28.2	11	7	4	56	GALHO	19320.8377737342	4020.91509128011	13518.9535443038	11547.4394857595	5421.66366099684	1813.12630796518	33169.6668507912	14082.2432753165	90126.3569620253	1151927.49992089	33797.3838607595	140	70	135
D	10	1	1	0	3752.47288829787	2248.115882494	732.53214148681	2816.44865506329	7.55	0.0528394411065093	22.0744833476689	6	15	3.7	0.2	2	1	25	4	3.2	28.2	11	7	4	56	CASCA	2563.86249520384	988.59475427163	6904.11543351319	13350.3982785971	1758.07713956834	351.952542448353	12699.2510391706	3662.66070743405	21975.9642446043	1007231.69454436	8057.85355635491	140	70	135
